16
0   0   0   0   0  300  0   0  400  0   0   0   0   0   0   0
0   0   0   0   0  350 300  0   0   0   0   0   0   0   0   0
0   0   0  460  0   0   0   0   0  170  0   0   0   0  110  0
0   0  460  0  460  0   0   0   0   0   0   0   0   0   0   0
0   0   0  460  0   0  100 520  0   0   0   0   0   0   0   0
300  350  0   0   0   0   0   0   0  100  0   70  0   0   0   0
0  300  0   0  100  0   0   0   0   0   0   90  0   0   0   0 
0   0   0   0  520  0   0   0   0   0   0   0   0  120  0   0
400  0   0   0   0   0   0   0   0   0   0   0   10  30  0   0 
0   0  170  0   0  100  0   0   0   0  10   0   0   0   0   0
0   0   0   0   0   0   0   0   0   10  0   0   0   0   20  0 
0   0   0   0   0   70  90  0   0   0   0   0   0   0   10  0
0   0   0   0   0   0   0   0   10  0   0   0   0   0   0  280
0   0   0   0   0   0   0  120  30  0   0   0   0   0   0  350
0   0  110  0   0   0   0   0   0   0   20  10  0   0   0   0 
0   0   0   0   0   0   0   0   0   0   0   0   280 350 0   0
